7.631899204963722e+21 40
1.4973248778480946e+27 5
1.6112061316417725e+28 4
1.6112061316417725e+28 4
1.6112061316417725e+28 4
1.6112061316417725e+28 4
1.6112061316417725e+28 4
1.6112061316417725e+28 4
1.6112061316417725e+28 4
1.6112061316417725e+28 4
1.6112061316417725e+28 4
1.6112061316417725e+28 4
1.6112061316417725e+28 4
1.6112061316417725e+28 4
1.6112061316417725e+28 4
1.6112061316417725e+28 4
1.6112061316417725e+28 4
1.6112061316417725e+28 4
1.6112061316417725e+28 4
1.6112061316417725e+28 4
1.6112061316417725e+28 4
1.6112061316417725e+28 4
1.6112061316417725e+28 4
1.6112061316417725e+28 4
1.6112061316417725e+28 4
1.6112061316417725e+28 4
1.6112061316417725e+28 4
1.6112061316417725e+28 4
1.6112061316417725e+28 4
1.6112061316417725e+28 4
1.6112061316417725e+28 4
1.6112061316417725e+28 4
1.6112061316417725e+28 4
1.6112061316417725e+28 4
1.6112061316417725e+28 4
1.6112061316417725e+28 4
1.8043983038661715e+28 4
1.8043983038661715e+28 4
1.7949995268248088e+28 4
1.7949995268248088e+28 4
1.7949995268248088e+28 4
1.7949995268248088e+28 4
1.7949995268248088e+28 4
1.7949995268248088e+28 4
1.7949995268248088e+28 4
1.7949995268248088e+28 4
1.7949995268248088e+28 4
1.7949995268248088e+28 4
1.7949995268248088e+28 4
2.6693244712892133e+28 4
